1 1 1 1 1 1 1 1 1 1 1 1 1 1 1 1 1 1 1 1
1 0 0 0 0 0 0 0 0 0 0 0 0 0 0 0 0 0 0 1
1 0 0 0 0 0 0 0 2 0 0 0 0 0 0 0 0 0 0 1
1 0 0 0 0 0 0 0 0 0 0 0 1 1 0 0 0 0 0 1
1 0 0 0 0 0 0 0 0 0 0 0 0 1 0 0 0 0 0 1
1 0 0 0 0 0 0 0 0 0 0 0 0 1 0 0 0 0 0 1
1 0 0 0 0 0 1 0 0 0 0 0 0 0 0 0 0 0 0 1
1 0 0 0 0 0 1 1 0 0 0 0 0 0 0 0 2 0 0 1
1 0 0 0 0 0 1 1 0 0 0 0 0 0 0 0 0 0 0 1
<<<<<<< Updated upstream
1 0 0 0 0 0 0 0 0 0 4 0 0 0 0 0 0 0 0 1
1 0 0 2 0 0 0 0 0 0 0 0 0 0 0 0 0 0 0 1
1 0 0 2 0 0 0 0 0 0 0 0 0 0 0 0 0 0 0 1
1 0 0 2 0 0 0 0 0 0 0 0 0 0 0 0 0 0 0 1
1 0 0 0 0 2 0 0 0 0 0 0 0 1 0 0 0 0 0 1
=======
1 0 0 0 0 0 0 0 0 0 0 0 0 0 0 0 0 0 0 1
1 0 0 0 0 0 0 0 0 0 0 0 0 0 0 0 0 0 0 1
1 0 0 0 0 0 0 0 0 0 0 0 0 0 0 0 0 0 0 1
1 0 0 0 0 0 0 0 0 0 0 0 0 0 0 0 0 0 0 1
>>>>>>> Stashed changes
1 0 0 0 0 0 0 0 0 0 0 0 0 1 0 0 0 0 0 1
1 0 0 0 0 0 0 0 0 0 0 0 0 1 0 0 0 0 0 1
1 0 0 0 0 0 0 0 0 0 0 0 0 1 0 0 0 0 0 1
1 0 0 0 0 0 1 1 1 1 1 0 0 0 0 0 0 0 0 1
1 0 0 2 0 0 0 0 0 0 0 0 0 0 0 0 0 0 0 1
1 1 1 1 1 1 1 1 1 1 1 1 1 1 1 1 1 1 1 1